text(7,40,"Time")
                                                  
                                                  
        99999     9                               
          9                                       
          9              9 9     999              
          9       9     9 9 9   9   9             
          9       9     9 9 9   9999              
          9       9     9 9 9   9                 
          9       9     9 9 9    999              
                                                  
                                                  
                                                  
                                                  
                                                  
                                                  
                                                  
                                                  
                                                  
                                                  
                                                  
                                                  
                                                  
                                                  
                                                  
                                                  
                                                  
                                                  
                                                  
                                                  
                                                  
                                                  
                                                  
                                                  
                                                  
                                                  
                                                  
                                                  
                                                  
                                                  
                                                  
                                                  
                                                  
                                                  
                                                  
                                                  
                                                  
                                                  
                                                  
                                                  
                                                  

!startTimeView(0,30)
                                                  
                                                  
        99999     9                               
          9                                       
          9              9 9     999              
          9       9     9 9 9   9   9             
          9       9     9 9 9   9999              
          9       9     9 9 9   9                 
          9       9     9 9 9    999              
  555     555            55555   55555            
 5   5   5   5    55     5       5                
 5  55   5   5    55     5555    5555             
 5 5 5    555                5       5            
 55  5   5   5    55         5       5            
 5   5   5   5    55     5   5   5   5            
  555     555             555     555             
                                                  
                                                  
                                                  
55555555555555555555555555555555555555555555555555
                                                  
                                                  
                                                  
                                                  
                                                  
                                                  
                                                  
                                                  
                                                  
                                                  
                                                  
                                                  
                                                  
                                                  
                                                  
                                                  
                                                  
                                                  
                                                  
                                                  
                                                  
                                                  
                                                  
                                                  
                                                  
                                                  
                                                  
                                                  
                                                  
                                                  

text(20,24,"~")
                                                  
                                                  
        99999     9                               
          9                                       
          9              9 9     999              
          9       9     9 9 9   9   9             
          9       9     9 9 9   9999              
          9       9     9 9 9   9                 
          9       9     9 9 9    999              
  555     555            55555   55555            
 5   5   5   5    55     5       5                
 5  55   5   5    55     5555    5555             
 5 5 5    555                5       5            
 55  5   5   5    55         5       5            
 5   5   5   5    55     5   5   5   5            
  555     555             555     555             
                                                  
                                                  
                                                  
55555555555555555555555555555555555555555555555555
                      9                           
                     9 9 9                        
                        9                         
                                                  
                                                  
                                                  
                                                  
                                                  
                                                  
                                                  
                                                  
                                                  
                                                  
                                                  
                                                  
                                                  
                                                  
                                                  
                                                  
                                                  
                                                  
                                                  
                                                  
                                                  
                                                  
                                                  
                                                  
                                                  
                                                  
                                                  

!finishTimeView(0,10)
                                                  
                                                  
        99999     9                               
          9                                       
          9              9 9     999              
          9       9     9 9 9   9   9             
          9       9     9 9 9   9999              
          9       9     9 9 9   9                 
          9       9     9 9 9    999              
  555     555            55555   55555            
 5   5   5   5    55     5       5                
 5  55   5   5    55     5555    5555             
 5 5 5    555                5       5            
 55  5   5   5    55         5       5            
 5   5   5   5    55     5   5   5   5            
  555     555             555     555             
                                                  
                                                  
                                                  
55555555555555555555555555555555555555555555555555
                      9                           
                     9 9 9                        
                        9                         
                                                  
                                                  
                                                  
                                                  
                                                  
                                                  
   3     33333           33333   33333            
  33         3    33     3       3                
   3        3     33     3333    3333             
   3       33                3       3            
   3         3    33         3       3            
   3     3   3    33     3   3   3   3            
  333     333             333     333             
                                                  
                                                  
                                                  
33333333333333333333333333333333333333333333333333
                                                  
                                                  
                                                  
                                                  
                                                  
                                                  
                                                  
                                                  
                                                  
                                                  

undo
                                                  
                                                  
        99999     9                               
          9                                       
          9              9 9     999              
          9       9     9 9 9   9   9             
          9       9     9 9 9   9999              
          9       9     9 9 9   9                 
          9       9     9 9 9    999              
  555     555            55555   55555            
 5   5   5   5    55     5       5                
 5  55   5   5    55     5555    5555             
 5 5 5    555                5       5            
 55  5   5   5    55         5       5            
 5   5   5   5    55     5   5   5   5            
  555     555             555     555             
                                                  
                                                  
                                                  
55555555555555555555555555555555555555555555555555
                      9                           
                     9 9 9                        
                        9                         
                                                  
                                                  
                                                  
                                                  
                                                  
                                                  
                                                  
                                                  
                                                  
                                                  
                                                  
                                                  
                                                  
                                                  
                                                  
                                                  
                                                  
                                                  
                                                  
                                                  
                                                  
                                                  
                                                  
                                                  
                                                  
                                                  
                                                  

!finishTimeView(4,10)
                                                  
                                                  
        99999     9                               
          9                                       
          9              9 9     999              
          9       9     9 9 9   9   9             
          9       9     9 9 9   9999              
          9       9     9 9 9   9                 
          9       9     9 9 9    999              
  555     555            55555   55555            
 5   5   5   5    55     5       5                
 5  55   5   5    55     5555    5555             
 5 5 5    555                5       5            
 55  5   5   5    55         5       5            
 5   5   5   5    55     5   5   5   5            
  555     555             555     555             
                                                  
                                                  
                                                  
55555555555555555555555555555555555555555555555555
                      9                           
                     9 9 9                        
                        9                         
                                                  
                                                  
                                                  
                                                  
                                                  
                                                  
       3     33333           33333   33333        
      33         3    33     3       3            
       3        3     33     3333    3333         
       3       33                3       3        
       3         3    33         3       3        
       3     3   3    33     3   3   3   3        
      333     333             333     333         
                                                  
                                                  
                                                  
    3333333333333333333333333333333333333333333333
                                                  
                                                  
                                                  
                                                  
                                                  
                                                  
                                                  
                                                  
                                                  
                                                  

