line(1,2,48,47)
                                                  
                                                  
                                                1 
                                               1  
                                              1   
                                             1    
                                            1     
                                           1      
                                          1       
                                         1        
                                        1         
                                       1          
                                      1           
                                    11            
                                   1              
                                  1               
                                 1                
                                1                 
                               1                  
                              1                   
                             1                    
                            1                     
                           1                      
                          1                       
                         1                        
                        1                         
                       1                          
                      1                           
                     1                            
                    1                             
                   1                              
                  1                               
                 1                                
                1                                 
               1                                  
              1                                   
            11                                    
           1                                      
          1                                       
         1                                        
        1                                         
       1                                          
      1                                           
     1                                            
    1                                             
   1                                              
  1                                               
 1                                                
                                                  
                                                  

text(10,5,"OOAD")
                                                  
                                                  
                                                1 
                                               1  
                                              1   
                                             1    
                                            1     
                                           1      
                                          1       
                                         1        
                                        1         
                                       1          
                                      1           
                                    11            
                                   1              
                                  1               
                                 1                
                                1                 
                               1                  
                              1                   
                             1                    
                            1                     
                           1                      
                          1                       
                         1                        
                        1                         
                       1                          
                      1                           
                     1                            
                    1                             
                   1                              
                  1                               
                 1                                
                1                                 
               1                                  
              1                                   
            11                                    
           1111     111      1     1111           
          11   1   1   1    1 1    1   1          
         1 1   1   1   1   1   1   1   1          
        1  1   1   1   1   1   1   1   1          
       1   1   1   1   1   11111   1   1          
      1    1   1   1   1   1   1   1   1          
     1      111     111    1   1   1111           
    1                                             
   1                                              
  1                                               
 1                                                
                                                  
                                                  

text(5,45,"Bounday")
                                                  
                                                  
                                                1 
                                                  
                                              1   
                                             1    
                                            1     
                                           1      
                                          1       
                                         1        
                                        1         
                                       1          
                                      1           
                                    11            
                                   1              
                                  1               
                                 1                
                                1                 
                               1                  
                              1                   
                             1                    
                            1                     
                           1                      
                          1                       
                         1                        
                        1                         
                       1                          
                      1                           
                     1                            
                    1                             
                   1                              
                  1                               
                 1                                
                1                                 
               1                                  
              1                                   
            11                                    
           1111     111      1     1111           
          11   1   1   1    1 1    1   1          
         1 1   1   1   1   1   1   1   1          
        1  1   1   1   1   1   1   1   1          
       1   1   1   1   1   11111   1   1          
      1    1   1   1   1   1   1   1   1          
     1      111     111    1   1   1111           
    1                                             
   1                                              
  1                                               
 1                                                
                                                  
                                                  

undo
                                                  
                                                  
                                                1 
                                               1  
                                              1   
                                             1    
                                            1     
                                           1      
                                          1       
                                         1        
                                        1         
                                       1          
                                      1           
                                    11            
                                   1              
                                  1               
                                 1                
                                1                 
                               1                  
                              1                   
                             1                    
                            1                     
                           1                      
                          1                       
                         1                        
                        1                         
                       1                          
                      1                           
                     1                            
                    1                             
                   1                              
                  1                               
                 1                                
                1                                 
               1                                  
              1                                   
            11                                    
           1111     111      1     1111           
          11   1   1   1    1 1    1   1          
         1 1   1   1   1   1   1   1   1          
        1  1   1   1   1   1   1   1   1          
       1   1   1   1   1   11111   1   1          
      1    1   1   1   1   1   1   1   1          
     1      111     111    1   1   1111           
    1                                             
   1                                              
  1                                               
 1                                                
                                                  
                                                  

undo
                                                  
                                                  
                                                1 
                                               1  
                                              1   
                                             1    
                                            1     
                                           1      
                                          1       
                                         1        
                                        1         
                                       1          
                                      1           
                                    11            
                                   1              
                                  1               
                                 1                
                                1                 
                               1                  
                              1                   
                             1                    
                            1                     
                           1                      
                          1                       
                         1                        
                        1                         
                       1                          
                      1                           
                     1                            
                    1                             
                   1                              
                  1                               
                 1                                
                1                                 
               1                                  
              1                                   
            11                                    
           1111     111      1     1111           
          11   1   1   1    1 1    1   1          
         1 1   1   1   1   1   1   1   1          
        1  1   1   1   1   1   1   1   1          
       1   1   1   1   1   11111   1   1          
      1    1   1   1   1   1   1   1   1          
     1      111     111    1   1   1111           
    1                                             
   1                                              
  1                                               
 1                                                
                                                  
                                                  

text(5,45,"Bounday")
      1111    1   1   1  1     1  1   1  11      1
      1   1   1   1   1  1     1  1   1   1    111
      1   1   1   1   1  1     1  1   1  11   1 11
      1111     111     11 1    1  1    11 1    11 
                                              1   
                                             1    
                                            1     
                                           1      
                                          1       
                                         1        
                                        1         
                                       1          
                                      1           
                                    11            
                                   1              
                                  1               
                                 1                
                                1                 
                               1                  
                              1                   
                             1                    
                            1                     
                           1                      
                          1                       
                         1                        
                        1                         
                       1                          
                      1                           
                     1                            
                    1                             
                   1                              
                  1                               
                 1                                
                1                                 
               1                                  
              1                                   
            11                                    
           1111     111      1     1111           
          11   1   1   1    1 1    1   1          
         1 1   1   1   1   1   1   1   1          
        1  1   1   1   1   1   1   1   1          
       1   1   1   1   1   11111   1   1          
      1    1   1   1   1   1   1   1   1          
     1      111     111    1   1   1111           
    1                                             
   1                                              
  1                                               
 1                                                
                                                  
                                                  

undo
                                                  
                                                  
                                                1 
                                               1  
                                              1   
                                             1    
                                            1     
                                           1      
                                          1       
                                         1        
                                        1         
                                       1          
                                      1           
                                    11            
                                   1              
                                  1               
                                 1                
                                1                 
                               1                  
                              1                   
                             1                    
                            1                     
                           1                      
                          1                       
                         1                        
                        1                         
                       1                          
                      1                           
                     1                            
                    1                             
                   1                              
                  1                               
                 1                                
                1                                 
               1                                  
              1                                   
            11                                    
           1111     111      1     1111           
          11   1   1   1    1 1    1   1          
         1 1   1   1   1   1   1   1   1          
        1  1   1   1   1   1   1   1   1          
       1   1   1   1   1   11111   1   1          
      1    1   1   1   1   1   1   1   1          
     1      111     111    1   1   1111           
    1                                             
   1                                              
  1                                               
 1                                                
                                                  
                                                  

redo
      1111    1   1   1  1     1  1   1  11      1
      1   1   1   1   1  1     1  1   1   1    111
      1   1   1   1   1  1     1  1   1  11   1 11
      1111     111     11 1    1  1    11 1    11 
                                              1   
                                             1    
                                            1     
                                           1      
                                          1       
                                         1        
                                        1         
                                       1          
                                      1           
                                    11            
                                   1              
                                  1               
                                 1                
                                1                 
                               1                  
                              1                   
                             1                    
                            1                     
                           1                      
                          1                       
                         1                        
                        1                         
                       1                          
                      1                           
                     1                            
                    1                             
                   1                              
                  1                               
                 1                                
                1                                 
               1                                  
              1                                   
            11                                    
           1111     111      1     1111           
          11   1   1   1    1 1    1   1          
         1 1   1   1   1   1   1   1   1          
        1  1   1   1   1   1   1   1   1          
       1   1   1   1   1   11111   1   1          
      1    1   1   1   1   1   1   1   1          
     1      111     111    1   1   1111           
    1                                             
   1                                              
  1                                               
 1                                                
                                                  
                                                  

